1 quarters:
Train:  74.9498997995992
Test:  48.49094567404427
2 quarters:
Train:  85.37074148296593
Test:  50.30181086519114
3 quarters:
Train:  89.57915831663327
Test:  50.10060362173038
4 quarters:
Train:  95.79158316633266
Test:  49.69818913480885
